,index,X,Y,Z,formation
0,0,0.256327195431048,264.86214748436396,387.2564410436068,Sand1
1,0,10.59346813871597,276.73370778641777,387.13634245183243,Sand1
2,0,17.134940141888464,289.089821570188,387.3798706933237,Sand1
3,0,19.150128045807676,293.313485355882,387.5238515309088,Sand1
4,0,27.79511673965105,310.571692592952,388.50123495489527,Sand1
5,0,34.41734765644295,324.13919008101345,389.88497269319816,Sand1
6,0,40.7165429187572,338.5142767052691,391.7603111511834,Sand1
7,0,49.27698776241503,352.56632767504703,395.1117703639829,Sand1
8,0,55.33390628387104,364.1148523226231,398.67517684799134,Sand1
9,0,60.98703023722999,376.30944827915454,402.6646699615473,Sand1
10,0,61.93436666575576,381.4593263680641,404.03899949545695,Sand1
11,0,74.31225098443318,404.8981037004269,415.04122417500247,Sand1
12,0,89.49492674488292,440.43202569296886,433.1805324891463,Sand1
13,0,100.8011746516008,465.62880674222583,447.3807609581047,Sand1
14,0,109.35786007581868,480.9455679783049,457.5208298085165,Sand1
15,0,122.12152784712598,511.49986967805273,474.2372811887566,Sand1
16,0,134.7199183717545,543.1573638168628,490.05000706340104,Sand1
17,0,146.02616627847237,575.1378936101505,506.1492393150997,Sand1
18,0,154.748128949369,602.2728885862734,519.8931680983885,Sand1
19,0,157.81229899479604,615.9994296460927,526.4670145770536,Sand1
20,0,170.2538403642964,655.5737715750863,551.4964670352073,Sand1
21,0,179.944909998626,686.9082300594188,572.075917472723,Sand1
22,0,191.31802803451436,719.0939805375339,596.4524453757214,Sand1
23,0,200.61919188519585,750.2232183370392,609.3777335441179,Sand1
24,0,210.95633282848075,774.7739280773408,618.6365472091318,Sand1
25,0,224.82375707423273,798.4767847239435,631.7543348936957,Sand1
26,0,240.67561304042493,822.9062405945112,647.596365289188,Sand1
27,0,255.21221749191938,846.1648077169024,664.0991005820908,Sand1
28,0,264.903287126249,861.9935547863074,674.6964025225556,Sand1
29,0,272.76272323875287,874.2512796291529,684.1362770574041,Sand1
30,0,291.3922107934166,899.788726360193,702.1451206779758,Sand1
31,0,308.8361361352099,915.9405090840756,710.2052883803151,Sand1
32,0,323.27905317555906,927.3449733382452,714.94407432692,Sand1
33,0,341.462737237453,937.9069335885562,718.4669763245737,Sand1
34,0,355.03023472551445,947.2749675684081,720.8933748804561,Sand1
35,0,366.0632917955071,952.6031383066481,721.9774915961378,Sand1
36,0,384.7495149374586,957.2890728572154,722.7534957947348,Sand1
37,0,394.44058457178824,955.9969302393048,722.2393823309446,Sand1
38,0,407.8165849065408,950.0257745343622,720.93928902742,Sand1
39,0,423.1907578202995,941.4603257878103,718.4275993711084,Sand1
40,0,441.2807544710481,929.1849709176595,714.6193140073319,Sand1
41,0,456.27102382551817,917.5509910035582,710.4730724786738,Sand1
42,0,474.5534268822465,900.757833323626,704.0026066502598,Sand1
43,0,490.05913829717383,879.4374801281008,693.6318432970888,Sand1
44,0,503.94967143971303,861.3474834773522,682.6191952879173,Sand1
45,0,515.0349178336396,847.9621691518354,673.1071834101623,Sand1
46,0,530.7616307613583,821.9371336310784,658.098119731889,Sand1
47,0,545.6212708673304,798.3555308542095,644.3629944784465,Sand1
48,0,559.8348396643472,775.7430350407737,631.3010993441718,Sand1
49,0,575.3452301051327,753.6306550861667,618.0459917221156,Sand1
50,0,592.1384051121127,724.0573303243491,601.9258620888534,Sand1
51,0,604.0907243277858,703.706084092257,587.253154455655,Sand1
52,0,617.9812574703249,678.1862673885223,570.791459116032,Sand1
53,0,629.6105410315205,658.804128119863,557.7624174042278,Sand1
54,0,638.748378903369,641.7730673689532,547.9141808002481,Sand1
55,0,651.2539298815232,612.9330651840361,533.4401286710007,Sand1
56,0,660.6219638613752,594.1969972243322,524.5408401519725,Sand1
57,0,669.3439265322719,575.4609292646282,515.6495026168589,Sand1
58,0,674.8314717153735,563.4212086914579,510.40361565939696,Sand1
59,0,685.4957092561546,542.18825685343,499.56224880647807,Sand1
60,0,698.7401710897384,515.053261877307,484.36492011875197,Sand1
61,0,710.6924903054116,486.9491599377511,466.2632700316087,Sand1
62,0,720.0605242852636,462.39845019744945,449.5034199014823,Sand1
63,0,727.4903443382495,442.3702396198349,436.1266515592672,Sand1
64,0,734.1108384779523,426.30545600584105,424.6408681831987,Sand1
65,0,745.9033766434759,391.3306062123655,404.32990638458784,Sand1
66,0,759.1478384770597,360.3191833825108,385.87055134671454,Sand1
67,0,767.5467654934788,341.5831154228068,375.22346522794544,Sand1
68,0,771.7403495533283,327.3346871500575,367.9610883399364,Sand1
69,0,779.1760490546743,305.080086466832,355.48266020954685,Sand1
70,0,785.3137264897498,279.23723410861965,340.72286176316567,Sand1
71,0,795.967569012817,245.88999194581893,319.13880268960315,Sand1
72,0,805.9880083763195,216.89135279443246,300.0543185400322,Sand1
73,0,812.4487214658725,198.47832048920617,291.11350824216913,Sand1
74,0,818.648370208934,185.5796796743258,285.36905923916663,Sand1
75,0,826.9853259173669,173.92761074890447,280.4023789572484,Sand1
76,0,841.329171405051,164.96076949603759,276.8606290291559,Sand1
77,0,857.0276417837888,173.60457509442682,280.30505046596886,Sand1
78,0,867.1028091279114,188.15704344661185,287.09833029629465,Sand1
79,0,874.1485314711044,203.323855306371,295.2835105777404,Sand1
80,0,886.7469219957329,240.14991991682354,332.6923730814722,Sand1
81,0,893.8537063942413,268.25402185637944,355.3589900402059,Sand1
82,0,900.3144194837944,285.69794719817276,367.71467403064435,Sand1
83,0,903.701374694373,295.89084912816793,373.1330462019297,Sand1
84,0,909.6824534636465,319.6166909183264,383.18050479776394,Sand1
85,0,916.4662022076773,337.70668756907503,390.47519935859793,Sand1
86,0,920.1965028370037,355.17021589074665,395.120107398503,Sand1
87,0,929.3876283867835,383.2547148504243,403.8964393807148,Sand1
88,0,936.1713771308141,409.09756720863663,415.823737722395,Sand1
89,0,945.539411110666,440.75506134744666,431.39615209699997,Sand1
90,0,950.0939225955215,453.11003923761575,438.8746223475355,Sand1
91,0,955.5535163994733,474.35076941312263,449.8858892655362,Sand1
92,0,962.6603007979818,497.60933653551376,463.1954089631016,Sand1
93,0,966.0735779836949,510.32751498236564,470.8803538709167,Sand1
94,0,970.5451269713545,529.8471006128257,481.42755003911657,Sand1
95,1,0.1881868620686138,495.787213546976,406.9510041976154,Ton
96,1,8.840672956663411,504.1418419288791,412.1247686500119,Ton
97,1,41.09257661030145,546.423052386348,437.3291778509842,Ton
98,1,71.7283490004425,604.1435562935771,465.42787461906545,Ton
99,1,87.60971085508348,626.535894696806,478.563496627686,Ton
100,1,116.35988410359462,686.6205264296495,508.3002966301822,Ton
101,1,140.8016980977082,751.568764068338,548.5045502174379,Ton
102,1,181.61308630808054,848.1383536684762,607.0556371306402,Ton
103,1,223.27733881086107,950.5412472888196,674.4622442279132,Ton
104,1,238.4673614961476,988.0127920572999,694.1796798842839,Ton
105,1,253.1747585693791,1022.7074329128286,707.3700868645249,Ton
106,1,265.6023564722704,1045.513138554322,713.3158649094391,Ton
107,1,277.809700000426,1067.486356905002,716.8160345191504,Ton
108,2,970.6766251230017,833.052616499831,586.971399552448,Ton
109,2,959.3724321757514,800.0232029873156,561.5855139072744,Ton
110,2,941.2919969974961,754.801239252839,531.8146458215217,Ton
111,2,925.3512303815758,711.3618892206762,513.7101533117823,Ton
112,2,908.0193245862978,675.9805395602916,502.76825559763654,Ton
113,2,898.5466471498011,648.474213176897,495.7660827473431,Ton
114,2,882.8225435370409,621.7105496080459,485.059569410266,Ton
115,2,869.6801729001976,594.8650467133475,473.30489313499413,Ton
116,2,852.4571920161416,577.4546649446074,463.34575966273565,Ton
117,2,831.5351890703644,569.0914089904873,457.9495200561038,Ton
118,2,810.139521279569,572.9321657819203,459.83954367831365,Ton
119,2,790.2973687137878,583.524646115289,466.88094348819664,Ton
120,2,772.6673853601612,603.6205529572973,477.25649583939384,Ton
121,2,757.3071124285267,626.8243574896944,487.22402419796106,Ton
122,2,740.0407842579184,658.5366142184982,499.8250020815431,Ton
123,2,723.285910634351,693.8358155691311,515.2001312353267,Ton
124,2,700.6304344116447,739.6185634923892,540.2479712586871,Ton
125,2,677.9243082421169,782.4971293357705,567.7727478777219,Ton
126,2,636.0233035161142,859.787826958076,616.6761903652387,Ton
127,2,608.8509591448512,912.3962634589865,647.8036609927173,Ton
128,2,560.1099247138658,990.6172670215257,696.2666044468152,Ton
129,2,526.3753184316984,1045.3882341089457,716.8065929605166,Ton
130,2,512.239649401046,1067.9508285278182,721.2525132211506,Ton
